0,482
0,481
0,480
0,479
51,6
51,5
51,4
51,3
51,2
51,1
51,0
0,478
0,477
50,6
50,5
50,4
50,3
50,2
50,1
50,0
0,476
49,6
49,5
49,4
49,3
49,2
49,1
49,0
0,475
48,6
48,5
48,4
48,3
48,2
48,1
48,0
47,6
47,5
47,4
47,3
47,2
47,1
47,0
0,474
46,6
46,5
46,4
46,3
46,2
46,1
46,0
45,6
45,5
45,4
45,3
45,2
45,1
45,0
0,473
0,472
0,471
44,6
44,5
44,4
44,3
44,2
44,1
44,0
0,470
0,469
0,468
0,467
0,466
43,6
43,5
43,4
43,3
43,2
0,465
43,1
43,0
0,464
0,463
0,462
0,461
0,460
0,459
0,458
42,6
42,5
42,4
42,3
42,2
0,457
42,1
42,0
0,456
0,455
0,454
0,453
0,452
0,451
0,450
0,449
0,448
0,447
0,446
0,445
0,444
0,443
0,442
0,441
0,440
0,439
0,438
0,437
0,436
0,435
0,434
0,433
0,432
